1	15	1	3.5	132	0	1	3.5
0	15	1	3.5	2	15	1	3.5
1	15	1	3.5	3	30	1	3.5	4	293	1	3.5
2	30	1	3.5
2	293	1	3.5	5	53	1	3.5	101	64	1	3.5	39	57	1	3.5
4	53	1	3.5	6	20	1	3.5	7	67	1	3.5	28	55	0.8	1.2
5	20	1	3.5
5	67	1	3.5	8	31	1	3.5	17	66	1	1.2
7	31	1	3.5	9	15	1	3.5	10	25	1	1.2
8	15	1	3.5
8	25	1	1.2	11	15	1	1.2	12	15	1	1.2
10	15	1	1.2
10	15	1	1.2	13	94	1	1.2
12	94	1	1.2	14	10	1	1.2	16	25	1	1.2
13	10	1	1.2	15	5	1	1.2	18	50	1	1.2
14	5	1	1.2
13	25	1	1.2	20	18	1	3.5
7	66	1	1.2	18	54	1	1.2	24	16	0.8	1.2
14	50	1	1.2	17	54	1	1.2	22	5	1	1.2
20	37	1	3.5	21	5	1	1.2	36	10	1	3.5
16	18	1	3.5	19	37	1	3.5	65	60	1	1.2
19	5	1	1.2
18	5	1	1.2
71	5	1	1.2
17	16	0.8	1.2	25	5	0.8	1.2	26	27	0.8	1.2
24	5	0.8	1.2
24	27	0.8	1.2	27	15	0.8	1.2	30	48	0.8	1.2
26	15	0.8	1.2	28	10	0.8	1.2	32	10	0.6	1.2
5	55	0.8	1.2	29	5	0.8	1.2	27	10	0.8	1.2
28	5	0.8	1.2
26	48	0.8	1.2	31	15	0.6	1.2	33	3	0.8	1.2
30	15	0.6	1.2
27	10	0.6	1.2
30	3	0.8	1.2	34	10	0.8	1.2	37	28	0.8	1.2
33	10	0.8	1.2	35	30	0.8	1.2
36	19	1	3.5	46	49	1	3.5	34	30	0.8	1.2	48	18	1	1.2
19	10	1	3.5	35	19	1	3.5	18	26	1	1.2	49	18	1	1.2	48	25.5	1	1.2
33	28	0.8	1.2	44	40	0.8	1.2	38	5	0.8	1.2
37	5	0.8	1.2
40	18	0.6	1.2	4	57	1	3.5	41	27	1	3.5
39	18	0.6	1.2
105	24	1	1.2	39	27	1	3.5	42	10	1	3.5
43	18	0.6	1.2	41	10	1	3.5	44	15	1	3.5
42	18	0.6	1.2
37	40	0.8	1.2	42	15	1	3.5	45	31	1	3.5
46	33	1	3.5	131	26	1	3.5	44	31	1	3.5	56	63	1	3.5
35	49	1	3.5	45	33	1	3.5	47	10	1	1.2
46	10	1	1.2
35	18	1	1.2	36	25.5	1	1.2	49	18	1	1.2
36	18	1	1.2	57	9	1	1.2	48	18	1	1.2
57	33	1	1.2	59	14	1	1.2	51	14	1	1.2
50	14	1	1.2	53	25	1	1.2	52	14	1	1.2
51	14	1	1.2
51	25	1	1.2	56	62	1	1.2	55	5	1	1.2	54	10	1	1.2
53	10	1	1.2
53	5	1	1.2
53	62	1	1.2	45	63	1	3.5	74	40	1	3.5
58	5	1	1.2	49	9	1	1.2	50	33	1	1.2
57	5	1	1.2
50	14	1	1.2	60	14	1	1.2	71	32	1	1.2
62	18	1	1.2	61	5	1	1.2	59	14	1	1.2
60	5	1	1.2
64	14	1	1.2	63	5	1	1.2	60	14	1	1.2
62	5	1	1.2
65	15	1	1.2	68	25	1	1.2	62	14	1	1.2
20	60	1	1.2	66	22	1	1.2	64	15	1	1.2
65	22	1	1.2	67	20	1	1.2
66	20	1	1.2	68	22	1	1.2
64	25	1	1.2	67	22	1	1.2	69	56	1	1.2
68	56	1	1.2	70	47	1	3.5
69	47	1	3.5	71	50	1	1.2	73	12	1	3.5
59	32	1	1.2	72	5	1	1.2	70	50	1	1.2	23	5	1	1.2
71	5	1	1.2
70	12	1	3.5	77	63	1	3.5	80	52	1	1.2
75	30	1	3.5	56	40	1	3.5	76	57	1	3.5
74	30	1	3.5
74	57	1	3.5	91	44	1	3.5	79	23	1	3.5	78	32.5	1	3.5	77	23	1	3.5
73	63	1	3.5	76	23	1	3.5	78	23	1	1.2
76	32.5	1	3.5	77	23	1	1.2	79	23	1	1.2
78	23	1	1.2	76	23	1	3.5	89	66	1	3.5
81	10	1	1.2	82	10	1	1.2	73	52	1	1.2	83	30	1	1.2
80	10	1	1.2
80	10	1	1.2
80	30	1	1.2	84	6	1	1.2	85	24	1	1.2
83	6	1	1.2
86	5	1	1.2	83	24	1	1.2	87	50	1	1.2
86	5	1	1.2
85	50	1	1.2	88	36	1	1.2
87	36	1	1.2	89	17	1	3.5
79	66	1	3.5	88	17	1	3.5	90	10	1	1.2
89	10	1	1.2
76	44	1	3.5	92	20	1	3.5	93	12	1	1.2	131	164	1	1.2
91	20	1	3.5
91	12	1	1.2	94	8	1	1.2	97	75	1	1.2
93	8	1	1.2	95	8	1	1.2	98	50	1	1.2
94	8	1	1.2	96	8	1	1.2	99	50	1	1.2
95	8	1	1.2	100	75	1	1.2
93	75	1	1.2
94	50	1	1.2
95	50	1	1.2
96	75	1	1.2
4	64	1	3.5	102	28	0.8	1.2
101	28	0.8	1.2	103	16	0.8	1.2
102	16	0.8	1.2	104	22	0.8	1.2
103	22	0.8	1.2	109	34	0.8	1.2	110	35	0.8	1.2
41	24	1	1.2
109	58	0.8	1.2	107	5	0.8	3.5	108	12	0.8	3.5
106	5	0.8	3.5
131	25	1	3.5	106	12	0.8	3.5	115	49	1	3.5
104	34	0.8	1.2	106	58	0.8	1.2
104	35	0.8	1.2	111	29	0.8	1.2	116	15	0.8	1.2
110	29	0.8	1.2	112	19	0.8	1.2
111	19	0.8	1.2	113	33	0.8	1.2
112	33	0.8	1.2	114	5	0.8	3.5	115	10	0.8	3.5
113	5	0.8	3.5
108	49	1	3.5	113	10	0.8	3.5	124	39	1	3.5
110	15	0.8	1.2	117	29	0.8	1.2
116	29	0.8	1.2	118	13	0.8	1.2
117	13	0.8	1.2	119	45	0.8	1.2	126	58	0.8	1.2
118	45	0.8	1.2	120	24	0.8	1.2
119	24	0.8	1.2	121	37	0.8	1.2
120	37	0.8	1.2	122	5	0.8	3.5	123	10	0.8	1.2
121	5	0.8	3.5
124	40	1	3.5	130	72	1	3.5	121	10	0.8	1.2
115	39	1	3.5	123	40	1	3.5	125	5	1	3.5
124	5	1	3.5
118	58	0.8	1.2	127	53	0.8	1.2
126	53	0.8	1.2	128	29	0.8	1.2
127	29	0.8	1.2	129	44	0.8	1.2
128	44	0.8	1.2	130	33	1	1.2
129	33	1	1.2	123	72	1	3.5
45	26	1	3.5	108	25	1	3.5	91	164	1	1.2
0	0	1	1.2	133	3500	1	1.2	137	870	1	1.2
132	3500	1	1.2	134	1000	1	1.2
133	1000	1	1.2	135	3000	1	1.2
134	3000	1	1.2	136	2600	1	1.2
135	2600	1	1.2	141	14700	1	1.2
132	870	1	1.2	138	2300	1	1.2
137	2300	1	1.2	139	19700	1	1.2
138	19700	1	1.2	140	3200	1	1.2
139	3200	1	1.2	141	1700	1	1.2
136	14700	1	1.2	140	1700	1	1.2	142	0	1	1.2
143	31	1	3.5	141	0	1	1.2
142	31	1	3.5	144	58	1	3.5	155	54	1	3.5	357	27	1	1.2
143	58	1	3.5	145	63	1	3.5	172	68	1	3.5
144	63	1	3.5	146	5	1	1.2	175	33	1	3.5	147	47	1	3.5
145	5	1	1.2
145	47	1	3.5	182	70	1	3.5	148	36	1	3.5
147	36	1	3.5	149	4	1	1.2	185	34	1	3.5	150	23	1	3.5
148	4	1	1.2
148	23	1	3.5	151	19	1	3.5	192	69	1	1.2
150	19	1	3.5	193	32	1	3.5	152	29	1	3.5
151	29	1	3.5	199	71	1	3.5	153	44	1	3.5
152	44	1	3.5	154	9	1	3.5	359	8	0.8	1.2
153	9	1	3.5	208	24	1	3.5
143	54	1	3.5	166	68	1	3.5	156	45	1	3.5
155	45	1	3.5	157	13	1	3.5
156	13	1	3.5	158	16	1	3.5
157	16	1	3.5	159	108	1	3.5
158	108	1	3.5	160	5	0.8	1.2	161	20	1	3.5
159	5	0.8	1.2
159	20	1	3.5	162	32	1	3.5	164	39	1	3.5	243	115	1	3.5
161	32	1	3.5
164	25	1	3.5	166	80	1	3.5	170	54	1	3.5	240	66	1	3.5	168	37	1	1.2
163	25	1	3.5	165	12	0.8	1.2	161	39	1	3.5
164	12	0.8	1.2
163	80	1	3.5	155	68	1	3.5	167	28	1	1.2
166	28	1	1.2	168	51	1	1.2	169	27	1	1.2
167	51	1	1.2	163	37	1	1.2
357	27	1	1.2	167	27	1	1.2	358	61	1	1.2	172	53	1	1.2
358	20	1	1.2	163	54	1	3.5	171	52	1	3.5	237	36	1	1.2
170	52	1	3.5	172	84	1	3.5	236	66	1	3.5	180	47	1	3.5
169	53	1	1.2	171	84	1	3.5	144	68	1	3.5	173	19	0.8	1.2
172	19	0.8	1.2
175	35	1	3.5	176	32	1	3.5	182	45	1	3.5
145	33	1	3.5	174	35	1	3.5	178	17	0.8	1.2
174	32	1	3.5	179	59	1	3.5	177	16	0.8	1.2
176	16	0.8	1.2
175	17	0.8	1.2
176	59	1	3.5	180	17	1	3.5	183	45	1	3.5	257	127	1	3.5
179	17	1	3.5	181	13	0.8	1.2	171	47	1	3.5
180	13	0.8	1.2
174	45	1	3.5	147	70	1	3.5	183	80	1	3.5	184	38	1	3.5
182	80	1	3.5	179	45	1	3.5	233	30	1	1.2	189	28	1	3.5
182	38	1	3.5	185	35	1	3.5	186	34	1	3.5	192	28	1	3.5
148	34	1	3.5	187	5	0.8	1.2	184	35	1	3.5
184	34	1	3.5	188	5	0.8	1.2	190	44	1	3.5	356	28	1	1.2
185	5	0.8	1.2
186	5	0.8	1.2
190	11	1	3.5	231	30	1	1.2	183	28	1	3.5
186	44	1	3.5	189	11	1	3.5	191	28	1	3.5
190	28	1	3.5	196	13	1	3.5	259	129	1	3.5	356	42	1	1.2
150	69	1	1.2	356	35	1	1.2	184	28	1	3.5	194	13	1	3.5
151	32	1	3.5	194	38	1	3.5	198	6	0.8	1.2
193	38	1	3.5	192	13	1	3.5	195	35	1	3.5	199	28	1	3.5
194	35	1	3.5	197	5	0.8	1.2	196	41	1	3.5	356	13	1	1.2
195	41	1	3.5	191	13	1	3.5	201	45	1	3.5
195	5	0.8	1.2
193	6	0.8	1.2
152	71	1	3.5	194	28	1	3.5	200	11	1	3.5
199	11	1	3.5	202	8	1	3.5	201	77	1	3.5
200	77	1	3.5	196	45	1	3.5	205	9	1	3.5	228	23	1	3.5
200	8	1	3.5	203	8	1	1.2	211	33	1	3.5
202	8	1	1.2
205	7	0.8	1.2
204	18	0.8	1.2	201	9	1	3.5	212	29	1	3.5	206	7	0.8	1.2
205	7	0.8	1.2
208	15	0.8	1.2
154	24	1	3.5	207	15	0.8	1.2	209	11	1	3.5	214	15	1	1.2
208	11	1	3.5	210	17	1	3.5
209	17	1	3.5	211	10	1	3.5
210	10	1	3.5	202	33	1	3.5	217	40	1	3.5	212	76	1	3.5
211	76	1	3.5	205	29	1	3.5	213	7	1	1.2	215	21	1	3.5
212	7	1	1.2
208	15	1	1.2
212	21	1	3.5	227	16	1	3.5	216	18	1	3.5	360	15	0.8	1.2
217	77	1	3.5	215	18	1	3.5	223	41	1	3.5
218	33	1	3.5	211	40	1	3.5	216	77	1	3.5	221	35	1	3.5
220	25	1	3.5	219	18	0.8	1.2	217	33	1	3.5
218	18	0.8	1.2
218	25	1	3.5
217	35	1	3.5	222	10	1	3.5
221	10	1	3.5	223	68	1	3.5
222	68	1	3.5	216	41	1	3.5	225	12	1	3.5	224	19	0.8	1.2
223	19	0.8	1.2
223	12	1	3.5
227	8	1	1.2
215	16	1	3.5	226	8	1	1.2	277	46	1	3.5
201	23	1	3.5	229	19	1	1.2	273	17	1	3.5
228	19	1	1.2	230	4	0.8	1.2
229	4	0.8	1.2
189	30	1	1.2	232	14	1	1.2
231	14	1	1.2	233	6	1	1.2	234	17	0.8	1.2
232	6	1	1.2	183	30	1	1.2
232	17	0.8	1.2
236	9	0.8	1.2
171	66	1	3.5	235	9	0.8	1.2	252	56	1	3.5	238	52	1	1.2
170	36	1	1.2	238	30	1	1.2
237	30	1	1.2	239	13	0.8	1.2	236	52	1	1.2	240	54	1	1.2
238	13	0.8	1.2
163	66	1	3.5	238	54	1	1.2	242	46	1	3.5	241	16	0.8	1.2
240	16	0.8	1.2
240	46	1	3.5	244	10	1	3.5	243	62	1	3.5
161	115	1	3.5	242	62	1	3.5	246	30	1	3.5
242	10	1	3.5	249	81	1	3.5	248	50	1	3.5
246	11	0.8	1.2
243	30	1	3.5	245	11	0.8	1.2	247	30	1	3.5
246	30	1	3.5	248	59	1	3.5
244	50	1	3.5	351	46	1	3.5	247	59	1	3.5
244	81	1	3.5	250	5	0.8	1.2	251	18	1	3.5
249	5	0.8	1.2
252	6	1	3.5	253	5	1	3.5	249	18	1	3.5
251	6	1	3.5	236	56	1	3.5	254	31	1	3.5
251	5	1	3.5	341	23	1	3.5
252	31	1	3.5	255	16	1	3.5	340	30	1	1.2
254	16	1	3.5	256	12	0.8	1.2	257	21	1	3.5
255	12	0.8	1.2
255	21	1	3.5	179	127	1	3.5	335	43	1	3.5	258	76	1	3.5
257	76	1	3.5	259	34	1	3.5	303	39	1	3.5
258	34	1	3.5	191	129	1	3.5	260	13	0.8	1.2	261	22	1	3.5
259	13	0.8	1.2
262	10	0.8	1.2	259	22	1	3.5	263	13	1	3.5
261	10	0.8	1.2
261	13	1	3.5	264	9	1	3.5	266	35	1	3.5
263	9	1	3.5	265	16	0.8	1.2	300	23	1	3.5
264	16	0.8	1.2
263	35	1	3.5	267	29	1	3.5	274	39	1	3.5
266	29	1	3.5	268	8	0.8	1.2	270	44	1	3.5
267	8	0.8	1.2
270	8	0.8	1.2
269	8	0.8	1.2	267	44	1	3.5	271	17	0.8	1.2	273	15	1	3.5
270	17	0.8	1.2
273	17	0.8	1.2
272	17	0.8	1.2	270	15	1	3.5	228	17	1	3.5
266	39	1	3.5	275	9	1	1.2	276	23	1	3.5
274	9	1	1.2
274	23	1	3.5	277	64	1	3.5	282	6	1	3.5
276	64	1	3.5	278	25	0.8	1.2	227	46	1	3.5	279	38	0.8	3.5
277	25	0.8	1.2
277	38	0.8	3.5	280	8	0.8	1.2
279	8	0.8	1.2	281	15	0.8	1.2
280	15	0.8	1.2
276	6	1	3.5	283	3	1	3.5	284	14	0.8	3.5
282	3	1	3.5	286	26	1	3.5
282	14	0.8	3.5	285	37	0.8	3.5
284	37	0.8	3.5
283	26	1	3.5	287	20	0.8	3.5	290	35	1	3.5
286	20	0.8	3.5	288	7	0.8	3.5
287	7	0.8	3.5	289	31	0.8	3.5
288	31	0.8	3.5	291	15	0.8	3.5	290	27	0.8	3.5	315	2	0.8	3.5
286	35	1	3.5	295	22	1	3.5	289	27	0.8	3.5
289	15	0.8	3.5	292	8	0.8	3.5
293	4	0.8	3.5	291	8	0.8	3.5
292	4	0.8	3.5	294	41	0.8	3.5
293	41	1	3.5
290	22	1	3.5	296	55	1	3.5	312	62	1	3.5
295	55	1	3.5	311	56	1	3.5	297	26	1	3.5
296	26	1	3.5	298	8	0.8	1.2	299	11	1	3.5
297	8	0.8	1.2
297	11	1	3.5	300	56	1	3.5	310	56	1	3.5	304	69	1	3.5
264	23	1	3.5	301	13	0.8	1.2	299	56	1	3.5
300	13	0.8	1.2
303	10	0.8	1.2
302	10	0.8	1.2	258	39	1	3.5	304	50	1	3.5
303	50	1	3.5	299	69	1	3.5	306	23	1	3.5
306	5	0.8	1.2
304	23	1	3.5	307	23	1	3.5	305	5	0.8	1.2
306	23	1	3.5	308	9	1	3.5	333	76	1	3.5	326	32	1	3.5
307	9	1	3.5	309	38	1	3.5
308	38	1	3.5	310	25	1	3.5	323	36	1	3.5
299	56	1	3.5	309	25	1	3.5	321	12	1	3.5	311	47	1	3.5
310	47	1	3.5	296	56	1	3.5	317	37	1	3.5	312	42	1	3.5
295	62	1	3.5	311	42	1	3.5	313	22	0.8	3.5
312	22	0.8	3.5	314	20	0.8	3.5	316	14	0.8	3.5
315	7	0.8	3.5	313	20	0.8	3.5
289	102	0.8	3.5	314	7	0.8	3.5
313	14	0.8	3.5	317	40	1	3.5
311	37	1	3.5	316	40	1	3.5	319	12	1	3.5
319	5	0.8	1.2
317	12	1	3.5	318	5	0.8	1.2	320	33	1	3.5
319	33	1	3.5	321	25	1	3.5	323	29	1	3.5
310	12	1	3.5	322	7	0.8	1.2	320	25	1	3.5
321	7	0.8	1.2
309	36	1	3.5	320	29	1	3.5	324	43	1	3.5
326	11	1	3.5	323	43	1	3.5	327	76	1	3.5
326	7	0.8	1.2
307	32	1	3.5	325	7	0.8	1.2	324	11	1	3.5
331	20	1	3.5	324	76	1	3.5	328	12	1	3.5	329	7	1	3.5
327	12	1	3.5
327	7	1	3.5	330	5	1	3.5
334	45	1	3.5	349	71	1	3.5	329	5	1	3.5
333	25	1	3.5	332	16	1	1.2	327	20	1	3.5
331	16	1	1.2
334	13	1	3.5	335	95	1	3.5	307	76	1	3.5	331	25	1	3.5
333	13	1	3.5	330	45	1	3.5	336	95	1	3.5
257	43	1	3.5	336	16	1	3.5	333	95	1	3.5
335	16	1	3.5	337	5	1	3.5	334	95	1	3.5
336	5	1	3.5	339	17	1	3.5
339	16	0.8	1.2
340	11	1	1.2	337	17	1	3.5	338	16	0.8	1.2	342	39	1	3.5
254	30	1	1.2	339	11	1	1.2	341	36	1	1.2
253	23	1	3.5	340	36	1	1.2	342	16	1	3.5
341	16	1	3.5	343	5	1	3.5	339	39	1	3.5
342	5	1	3.5	344	87	1	3.5	350	28	1	3.5
343	87	1	3.5	345	9	1	3.5
344	9	1	3.5	346	9	1	3.5
345	9	1	3.5	347	5	1	3.5
346	5	1	3.5	348	31	1	3.5
347	31	1	3.5	349	13	1	3.5
348	13	1	3.5	330	71	1	3.5
343	28	1	3.5	351	21	0.8	3.5	353	11	0.8	1.2
350	21	0.8	3.5	248	46	1	3.5	352	11	0.8	1.2
351	11	0.8	1.2	353	18	0.8	1.2
350	11	0.8	1.2	352	18	0.8	1.2	354	8	0.8	1.2
353	8	0.8	1.2	355	12	0.8	1.2
354	12	0.8	1.2
192	35	1	1.2	195	13	1	1.2	191	42	1	1.2	186	28	1	1.2
143	27	1	1.2	169	27	1	1.2
169	61	1	1.2	170	20	1	1.2
153	8	0.8	1.2
215	15	0.8	1.2