0	28	246	沙河校区正门	1
1	40	246	nobody	0
2	54	246	nobody	0
3	54	212	快递站	1
4	334	252	nobody	0
5	334	201	nobody	0
6	315	201	操场入口	1
7	335	138	nobody	0
8	335	109	nobody	0
9	320	107	操场出口	1
10	358	112	nobody	0
11	378	112	雁北园宿舍楼E楼	1
12	363	92	nobody	0
13	448	95	nobody	0
14	448	109	nobody	0
15	462	109	雁北园宿舍楼D2楼	1
16	473	95	nobody	0
17	425	143	nobody	0
18	450	148	nobody	0
19	469	141	nobody	0
20	470	115	nobody	0
21	462	141	洗衣房	1
22	450	140	雁北园宿舍楼C楼	1
23	583	150	行政楼	1
24	394	161	nobody	0
25	386	161	雁北园宿舍楼B楼	1
26	392	187	nobody	0
27	392	206	nobody	0
28	381	206	nobody	0
29	381	217	雁北园宿舍楼A楼	1
30	433	191	nobody	0
31	433	208	地下超市1	1
32	408	206	地下超市2	1
33	441	192	nobody	0
34	442	180	nobody	0
35	470	180	nobody	0
36	475	153	nobody	0
37	437	217	nobody	0
38	450	217	雁北园宿舍楼D1楼	1
39	387	253	nobody	0
40	387	230	地下超市3	1
41	412	251	nobody	0
42	423	251	nobody	0
43	423	229	地下超市4	1
44	437	251	nobody	0
45	468	252	nobody	0
46	471	221	nobody	0
47	502	221	学生食堂外楼梯	1
48	486	172	学生食堂入口1	1
49	485	156	nobody	0
50	528	157	nobody	0
51	529	173	nobody	0
52	516	173	学生食堂入口2	1
53	528	197	nobody	0
54	549	197	小麦铺超市	1
55	515	197	面包房	1
56	524	257	nobody	0
57	502	156	nobody	0
58	502	145	教师食堂入口1	1
59	544	154	nobody	0
60	544	146	nobody	0
61	531	146	教师食堂入口2	1
62	544	130	nobody	0
63	531	130	教师食堂入口3	1
64	544	115	nobody	0
65	533	115	nobody	0
66	539	100	nobody	0
67	559	100	校医院	1
68	571	119	nobody	0
69	623	120	nobody	0
70	622	160	nobody	0
71	573	161	nobody	0
72	573	176	学生活动中心入口1	1
73	623	176	nobody	0
74	565	257	nobody	0
75	568	224	学生活动中心入口2	1
76	622	260	班车上车点	1
77	623	232	nobody	0
78	650	230	图书馆入口1	1
79	649	260	nobody	0
80	674	178	nobody	0
81	674	154	自习室	1
82	674	190	图书馆入口2	1
83	702	176	nobody	0
84	704	158	nobody	0
85	732	181	nobody	0
86	732	161	东配楼	1
87	730	210	塞纳左岸咖啡厅	1
88	728	262	nobody	0
89	709	262	nobody	0
90	709	287	教学楼N楼入口1	1
91	622	300	nobody	0
92	650	300	教学楼N楼入口2	1
93	622	315	nobody	0
94	622	322	nobody	0
95	622	330	nobody	0
96	622	339	nobody	0
97	705	315	教学楼N楼入口3-科学会堂入口	1
98	683	322	地下实验室	1
99	683	330	乒乓球室	1
100	705	339	教学楼S楼	1
101	336	313	nobody	0
102	363	316	nobody	0
103	363	334	nobody	0
104	382	332	nobody	0
105	412	280	信息化办公室	1
106	457	299	nobody	0
107	457	293	雁南园宿舍楼S2楼	1
108	469	299	nobody	0
109	400	304	nobody	0
110	383	366	nobody	0
111	411	366	nobody	0
112	424	352	nobody	0
113	456	351	nobody	0
114	456	345	雁南园宿舍楼S3楼	1
115	466	351	nobody	0
116	381	390	nobody	0
117	362	398	nobody	0
118	362	409	nobody	0
119	403	411	nobody	0
120	419	427	nobody	0
121	453	431	nobody	0
122	453	437	雁南园宿舍楼S5楼入口1	1
123	465	431	nobody	0
124	466	389	nobody	0
125	454	389	雁南园宿舍楼S4楼	1
126	364	467	nobody	0
127	408	472	nobody	0
128	430	452	雁南园宿舍楼S5楼入口2	1
129	428	494	nobody	0
130	461	494	nobody	0
131	471	283	nobody	0
132	388	18	nobody	0
133	416	107	nobody	0
134	439	113	nobody	0
135	461	191	nobody	0
136	393	213	nobody	0
137	397	39	nobody	0
138	340	63	nobody	0
139	604	521	nobody	0
140	606	610	nobody	0
141	560	610	nobody	0
142	808	566	西门	1
143	808	553	十字路口1	0
144	744	556	丁字路口1	0
145	672	558	丁字路口2	0
146	672	566	邮局	1
147	618	559	丁字路口3	0
148	576	562	丁字路口4	0
149	576	570	学生公寓十三号楼	1
150	550	562	丁字路口5	0
151	529	563	丁字路口6	0
152	496	563	丁字路口7	0
153	445	566	nobody	0
154	439	559	nobody	0
155	870	550	丁字路口8	0
156	928	547	nobody	0
157	936	541	校车上车点	1
158	938	528	nobody	0
159	934	397	nobody	0
160	944	397	校医院	1
161	933	379	十字路口2	0
162	956	379	南门	1
163	860	381	十字路口3	0
164	889	381	nobody	0
165	888	389	教学楼三号楼	1
166	864	471	丁字路口9	0
167	832	473	丁字路口10	0
168	833	416	nobody	0
169	801	476	十字路口4	0
170	800	384	十字路口5	0
171	740	386	十字路口6	0
172	742	478	丁字路口11	0
173	720	478	教学楼四号楼	1
174	669	479	丁字路口12	0
175	670	514	nobody	0
176	668	436	nobody	0
177	649	435	学生公寓二号楼	1
178	655	514	学生公寓一号楼	1
179	667	389	十字路口7	0
180	689	388	nobody	0
181	688	372	行政办公楼 	1
182	617	480	十字路口8	0
183	615	391	十字路口9	0
184	574	482	十字路口10	0
185	575	522	丁字路口13	0
186	572	444	丁字路口14	0
187	581	522	学生公寓三号楼	1
188	582	443	学生公寓四号楼	1
189	582	392	丁字路口15	0
190	572	393	丁字路口16	0
191	539	394	十字路口11	0
192	551	482	十字路口12	0
193	526	523	nobody	0
194	524	483	十字路口13	0
195	524	442	nobody	0
196	524	394	丁字路口17	0
197	515	442	学生公寓八号楼	1
198	516	523	学生公寓五号楼	1
199	492	482	丁字路口18	0
200	477	482	丁字路口19	0
201	472	396	十字路口14	0
202	466	483	nobody	0
203	466	471	综合食堂西门	1
204	463	413	综合食堂东门	1
205	462	396	nobody	0
206	458	381	学生活动中心南门	1
207	448	531	留学生公寓	1
208	437	531	nobody	0
209	436	518	nobody	0
210	431	500	nobody	0
211	431	484	十字路口15	0
212	427	400	丁字路口20	0
213	427	385	学生活动中心北门	1
214	417	530	学生公寓九号楼	1
215	404	401	丁字路口21	0
216	383	403	丁字路口22	0
217	385	489	十字路口16	0
218	385	526	nobody	0
219	369	526	学生公寓十一号楼	1
220	386	558	北邮科技酒店	1
221	345	492	nobody	0
222	336	480	nobody	0
223	336	405	丁字路口23	0
224	337	387	菜鸟驿站	1
225	327	406	北门	1
226	393	379	经济管理学院楼	1
227	402	378	nobody	0
228	470	369	nobody	0
229	495	369	nobody	0
230	494	358	报亭	1
231	584	359	小松林	1
232	599	355	nobody	0
233	607	356	时光广场	1
234	599	336	图书馆	1
235	722	311	教学楼一号楼南门	1
236	738	311	丁字路口24	0
237	799	342	国旗	1
238	798	308	丁字路口25	0
239	797	290	教学楼主楼	1
240	857	306	丁字路口26	0
241	875	304	教学楼二号楼	1
242	857	253	丁字路口27	0
243	927	251	丁字路口28	0
244	856	242	丁字路口29	0
245	916	216	创新中心	1
246	927	217	nobody	0
247	923	184	nobody	0
248	855	185	丁字路口30	0
249	770	244	nobody	0
250	770	232	科学会堂	1
251	745	244	丁字路口31	0
252	736	245	丁字路口32	0
253	742	236	nobody	0
254	701	244	丁字路口33	0
255	676	245	nobody	0
256	676	257	教学楼一号楼东门	1
257	659	245	十字路口17	0
258	572	246	丁字路口34	0
259	535	248	丁字路口35	0
260	535	230	学生食堂西门	1
261	514	248	nobody	0
262	515	256	教工餐厅	1
263	494	247	丁字路口36	0
264	494	230	nobody	0
265	479	230	科研大楼南一门	1
266	466	251	丁字路口37	0
267	467	267	nobody	0
268	482	267	图片社	0
269	479	331	学苑超市	1
270	469	331	nobody	0
271	455	331	移动营业厅	0
272	455	344	澡堂	1
273	470	344	nobody	0
274	426	252	nobody	0
275	426	256	水房	1
276	397	258	丁字路口38	0
277	400	329	十字路口18	0
278	427	326	nobody	0
279	357	327	nobody	0
280	352	339	nobody	0
281	339	344	nobody	0
282	387	259	nobody	0
283	383	255	nobody	0
284	370	259	nobody	0
285	370	290	学生公寓六号楼	1
286	385	227	丁字路口39	0
287	363	227	nobody	0
288	356	223	nobody	0
289	354	186	十字路口19	0
290	385	185	丁字路口40	0
291	341	188	nobody	0
292	331	188	nobody	0
293	325	195	nobody	0
294	327	237	nobody	0
295	386	159	丁字路口41	0
296	446	149	丁字路口42	0
297	475	148	nobody	0
298	474	166	科研大楼东门	1
299	491	148	十字路口20	0
300	491	200	nobody	0
301	476	200	科研大楼南二门	1
302	559	194	学生食堂南门	1
303	571	195	nobody	0
304	567	144	丁字路口43	0
305	557	118	家属区	1
306	567	118	nobody	0
307	564	91	十字路口21	0
308	555	85	nobody	0
309	512	86	丁字路口44	0
310	483	86	十字路口22	0
311	429	88	十字路口23	0
312	382	88	丁字路口45	0
313	381	65	丁字路口46	0
314	360	65	nobody	0
315	350	73	nobody	0
316	380	47	丁字路口47	0
317	427	46	丁字路口48	0
318	440	54	nobody	0
319	440	46	nobody	0
320	478	46	丁字路口49	0
321	480	69	nobody	0
322	488	68	保卫处	1
323	512	42	丁字路口50	0
324	562	40	丁字路口51	0
325	555	51	基建处	1
326	562	51	nobody	0
327	647	37	十字路口24	0
328	647	25	东门	1
329	657	34	nobody	0
330	665	32	丁字路口52	0
331	649	58	nobody	0
332	628	58	学生公寓29号楼	1
333	650	87	十字路口25	0
334	665	86	丁字路口53	0
335	656	196	丁字路口54	0
336	676	194	丁字路口55	0
337	682	197	nobody	0
338	702	171	体育馆	1
339	702	197	丁字路口56	0
340	701	212	丁字路口57	0
341	744	211	丁字路口58	0
342	744	192	丁字路口59	0
343	744	186	丁字路口60	0
344	743	89	nobody	0
345	750	79	nobody	0
346	759	74	nobody	0
347	764	64	nobody	0
348	758	32	nobody	0
349	747	32	nobody	0
350	778	185	丁字路口61	0
351	802	184	丁字路口62	0
352	801	173	nobody	0
353	778	173	丁字路口63	0
354	773	167	nobody	0
355	773	150	操场	1
356	545	442	十字路口26	0
357	802	498	校训石	1
358	800	424	毛泽东雕像	1
359	445	572	青年公寓	1
360	404	407	学生公寓十号楼	1